{
 "cells": [
  {
   "cell_type": "code",
   "execution_count": 19,
   "metadata": {},
   "outputs": [],
   "source": [
    "import numpy\n",
    "from matplotlib import pyplot as plt\n",
    "import pandas\n",
    "from numpy import random as rnd\n",
    "from scipy import linalg\n",
    "import seaborn\n",
    "\n",
    "rnd.seed(2012265)\n",
    "from numpy import pi, cos, sin"
   ]
  },
  {
   "cell_type": "markdown",
   "metadata": {},
   "source": [
    "1\\. **PCA on 3D dataset**\n",
    "\n",
    "* Generate a dataset with 3 features each with N entries (N being ${\\cal O}(1000)$). With $N(\\mu,\\sigma)$ the normali distribution with mean $\\mu$ and $\\sigma$  standard deviation, generate the 3 variables $x_{1,2,3}$ such that:\n",
    "    * $x_1$ is distributed as $N(0,1)$\n",
    "    * $x_2$ is distributed as $x_1+N(0,3)$\n",
    "    * $x_3$ is given by $2x_1+x_2$\n",
    "* Find the eigenvectors and eigenvalues of the covariance matrix of the dataset\n",
    "* Find the eigenvectors and eigenvalues using SVD. Check that the two procedures yield to same result\n",
    "* What percent of the total dataset's variability is explained by the principal components? Given how the dataset was constructed, do these make sense? Reduce the dimensionality of the system so that at least 99% of the total variability is retained.\n",
    "* Redefine the data in the basis yielded by the PCA procedure\n",
    "* Plot the data points in the original and the new coordiantes as a set of scatter plots. Your final figure should have 2 rows of 3 plots each, where the columns show the (0,1), (0,2) and (1,2) proejctions.\n"
   ]
  },
  {
   "cell_type": "code",
   "execution_count": 24,
   "metadata": {},
   "outputs": [
    {
     "name": "stdout",
     "output_type": "stream",
     "text": [
      "Check if the bases obtained are the same: True\n",
      "\n",
      "variability: [9.28618495e-01 7.13815051e-02 5.54097606e-17]\n"
     ]
    }
   ],
   "source": [
    "\n",
    "N = 1000\n",
    "x1 = rnd.randn(N)\n",
    "x2 = x1 + 3 * rnd.randn(N)\n",
    "x3 = 2 * x1 + x2\n",
    "features = ['x1', 'x2', 'x3']\n",
    "dataset = pd.DataFrame(numpy.vstack((x1,x2,x3)).T, columns=features)\n",
    "\n",
    "\n",
    "\n",
    "\n",
    "cov = np.cov(dataset.values.T)\n",
    "spect_cov, V_cov = linalg.eig(cov)\n",
    "spect_cov = np.real_if_close(spect_cov)\n",
    "V_cov = V_cov.T\n",
    "sorting = np.argsort(spect_cov)   \n",
    "spect_cov = spect_cov[sorting][::-1] \n",
    "V_cov = V_cov[sorting][::-1]         \n",
    "\n",
    "\n",
    "#svd\n",
    "U_SVD, spect_SVD, V_SVD = linalg.svd(dataset.values.T)\n",
    "spect_SVD = numpy.real_if_close(spect_SVD**2 / (N-1))\n",
    "U_SVD = U_SVD.T\n",
    "\n",
    "\n",
    "check = True\n",
    "for i in range(V_cov.shape[0]):\n",
    "    check = check and ( numpy.allclose(V_cov[i], U_SVD[i], 1e-2, 1e-10) or numpy.allclose(V_cov[i], -U_SVD[i], 1e-2, 1e-10) )\n",
    "print(f\"Check : {check}\\n\")\n",
    "\n",
    "\n",
    "percentage = spect_cov / cov.trace()\n",
    "print(f\"variability: {percentage}\")"
   ]
  },
  {
   "cell_type": "code",
   "execution_count": null,
   "metadata": {},
   "outputs": [],
   "source": []
  },
  {
   "cell_type": "markdown",
   "metadata": {},
   "source": [
    "2\\. **PCA on a nD dataset**\n",
    "\n",
    "Start from the dataset you have genereted in the previous exercise and add uncorrelated random noise. Such noise should be represented by other 10 uncorrelated variables normal distributed, with standar deviation much smaller (say, a factor 50) than those used to generate the $x_1$ and $x_2$.\n",
    "\n",
    "Repeat the PCA procedure and compare the results with what you obtained before"
   ]
  },
  {
   "cell_type": "code",
   "execution_count": 28,
   "metadata": {},
   "outputs": [
    {
     "name": "stdout",
     "output_type": "stream",
     "text": [
      "covariance matrix: [[1.10721446e+00 9.77087553e-01 3.17712158e+00 6.38508194e-03\n",
      "  7.31630713e-03 8.31435811e-03 6.94846068e-03 5.82679375e-03\n",
      "  8.35596057e-03 8.97081766e-03 7.98419702e-03 6.86689229e-03\n",
      "  6.51960891e-03]\n",
      " [9.77087553e-01 9.91321509e+00 1.18442945e+01 6.85321814e-03\n",
      "  1.49517651e-02 1.36643152e-02 1.30843391e-02 1.00720357e-02\n",
      "  1.14736930e-02 1.63401843e-02 1.08250017e-02 1.04843854e-02\n",
      "  1.13247456e-02]\n",
      " [3.17712158e+00 1.18442945e+01 1.81622070e+01 1.18985531e-02\n",
      "  2.17779902e-02 2.24235761e-02 1.91872838e-02 1.40004566e-02\n",
      "  2.06130421e-02 2.65708208e-02 1.90219259e-02 1.62779167e-02\n",
      "  1.68124599e-02]\n",
      " [6.38508194e-03 6.85321814e-03 1.18985531e-02 4.25527673e-03\n",
      "  3.86949476e-03 3.90780337e-03 3.86413721e-03 3.84382691e-03\n",
      "  3.74869381e-03 3.83058237e-03 3.85856291e-03 3.96509597e-03\n",
      "  3.76906576e-03]\n",
      " [7.31630713e-03 1.49517651e-02 2.17779902e-02 3.86949476e-03\n",
      "  4.31106113e-03 3.96525256e-03 3.91639645e-03 3.85448094e-03\n",
      "  3.80383570e-03 3.86354498e-03 3.89456157e-03 3.99132358e-03\n",
      "  3.79387005e-03]\n",
      " [8.31435811e-03 1.36643152e-02 2.24235761e-02 3.90780337e-03\n",
      "  3.96525256e-03 4.37743694e-03 3.94260543e-03 3.91874976e-03\n",
      "  3.82759008e-03 3.90128507e-03 3.93788614e-03 4.00187914e-03\n",
      "  3.83704177e-03]\n",
      " [6.94846068e-03 1.30843391e-02 1.91872838e-02 3.86413721e-03\n",
      "  3.91639645e-03 3.94260543e-03 4.31656266e-03 3.87055469e-03\n",
      "  3.79353612e-03 3.86086724e-03 3.88189080e-03 3.96962646e-03\n",
      "  3.76911572e-03]\n",
      " [5.82679375e-03 1.00720357e-02 1.40004566e-02 3.84382691e-03\n",
      "  3.85448094e-03 3.91874976e-03 3.87055469e-03 4.22806698e-03\n",
      "  3.74788029e-03 3.83279575e-03 3.85303962e-03 3.92559003e-03\n",
      "  3.75116341e-03]\n",
      " [8.35596057e-03 1.14736930e-02 2.06130421e-02 3.74869381e-03\n",
      "  3.80383570e-03 3.82759008e-03 3.79353612e-03 3.74788029e-03\n",
      "  4.12799839e-03 3.74153343e-03 3.77493801e-03 3.87703093e-03\n",
      "  3.67465261e-03]\n",
      " [8.97081766e-03 1.63401843e-02 2.65708208e-02 3.83058237e-03\n",
      "  3.86354498e-03 3.90128507e-03 3.86086724e-03 3.83279575e-03\n",
      "  3.74153343e-03 4.21166035e-03 3.85517929e-03 3.93049681e-03\n",
      "  3.73402966e-03]\n",
      " [7.98419702e-03 1.08250017e-02 1.90219259e-02 3.85856291e-03\n",
      "  3.89456157e-03 3.93788614e-03 3.88189080e-03 3.85303962e-03\n",
      "  3.77493801e-03 3.85517929e-03 4.27472745e-03 3.96555542e-03\n",
      "  3.79767381e-03]\n",
      " [6.86689229e-03 1.04843854e-02 1.62779167e-02 3.96509597e-03\n",
      "  3.99132358e-03 4.00187914e-03 3.96962646e-03 3.92559003e-03\n",
      "  3.87703093e-03 3.93049681e-03 3.96555542e-03 4.43878971e-03\n",
      "  3.84833690e-03]\n",
      " [6.51960891e-03 1.13247456e-02 1.68124599e-02 3.76906576e-03\n",
      "  3.79387005e-03 3.83704177e-03 3.76911572e-03 3.75116341e-03\n",
      "  3.67465261e-03 3.73402966e-03 3.79767381e-03 3.84833690e-03\n",
      "  4.06714809e-03]]\n",
      "\n",
      "eigenvalues: [2.69655693e+01 2.21475759e+00 4.12802867e-02 2.43377856e-05\n",
      " 4.60459024e-04 3.53576763e-04 3.62175757e-04 3.69572895e-04\n",
      " 4.36512959e-04 3.92036362e-04 3.97626745e-04 4.27431300e-04\n",
      " 4.14366156e-04]\n",
      "\n",
      "eigenvectors: [[ 1.21339956e-01 -5.65607592e-01  1.99761115e-01  7.90695382e-01\n",
      "  -1.90408064e-03  8.87972259e-04  6.86984389e-03 -5.44337366e-03\n",
      "  -8.50413285e-03 -3.11176099e-03  9.19409099e-03  3.47854534e-03\n",
      "  -1.05018530e-03]\n",
      " [ 5.70940617e-01  7.11986247e-01  1.03709848e-01  3.95332322e-01\n",
      "  -1.28328427e-03  1.86046057e-04  2.42447964e-03 -2.47663304e-03\n",
      "  -3.68581741e-03 -1.63436099e-03  5.03999312e-03  1.65343264e-03\n",
      "  -9.66704760e-04]\n",
      " [ 8.11970327e-01 -4.16095153e-01 -1.05997874e-01 -3.95308939e-01\n",
      "   1.35427165e-03 -3.52879642e-04 -2.62883961e-03  2.24934784e-03\n",
      "   4.11466226e-03  1.89000666e-03 -5.23690960e-03 -1.39542895e-03\n",
      "   7.07879542e-04]\n",
      " [ 5.33344028e-04 -1.69138769e-03  3.06313019e-01 -6.77793797e-02\n",
      "   2.79751878e-01 -3.55788029e-01 -2.40881069e-01  2.07385586e-01\n",
      "   3.31232177e-01  8.25253563e-02 -4.15669547e-01  5.53337444e-01\n",
      "   1.44135628e-02]\n",
      " [ 1.00650673e-03 -1.18200406e-03  3.08424920e-01 -8.09676137e-02\n",
      "  -1.88479478e-01 -3.92858235e-01  4.03655977e-01  5.15575277e-02\n",
      "  -3.29632509e-02 -3.40473550e-01 -9.62871228e-02 -1.99383492e-01\n",
      "   6.13859650e-01]\n",
      " [ 1.00318910e-03 -1.97244306e-03  3.11005042e-01 -7.30446931e-02\n",
      "   1.57767650e-01  2.35200397e-01 -5.99098591e-01 -1.33051785e-01\n",
      "  -1.67139657e-01 -3.44125911e-01 -3.36550516e-01 -4.23282491e-01\n",
      "   4.80734725e-02]\n",
      " [ 8.87298563e-04 -1.20160023e-03  3.08018399e-01 -8.30215965e-02\n",
      "  -1.77489014e-01  9.94462068e-02 -7.03021665e-02  6.18970870e-02\n",
      "  -6.63915449e-01  5.70153549e-01 -6.02959196e-02  1.80703915e-01\n",
      "   2.14280216e-01]\n",
      " [ 6.62274547e-04 -9.08747526e-04  3.05650143e-01 -8.67577236e-02\n",
      "   2.61970386e-01 -1.34541226e-01  4.59990477e-01 -3.93032782e-01\n",
      "  -3.02616263e-01 -1.49827272e-01 -1.63589675e-01  4.37226934e-02\n",
      "  -5.50959093e-01]\n",
      " [ 9.02427804e-04 -2.34613357e-03  2.99107655e-01 -7.45401329e-02\n",
      "  -7.70053169e-01 -1.26418435e-01 -1.04202789e-01  1.59710039e-01\n",
      "   1.89250888e-01  1.87114999e-03 -5.29132399e-02 -1.13334249e-01\n",
      "  -4.56266563e-01]\n",
      " [ 1.18765376e-03 -2.05842409e-03  3.03845184e-01 -8.53845293e-02\n",
      "   1.70445606e-01  1.43221236e-01 -3.62524913e-02  5.33699752e-01\n",
      "  -1.93191533e-01 -3.98901273e-01  5.57641826e-01  2.08540682e-01\n",
      "  -1.17343203e-01]\n",
      " [ 8.39139420e-04 -2.16146711e-03  3.07087394e-01 -7.99690237e-02\n",
      "   2.12117416e-01 -4.04236199e-01 -2.27446676e-01 -2.94666867e-01\n",
      "   2.01784833e-01  3.45018253e-01  5.54539737e-01 -2.91476381e-01\n",
      "   1.03991044e-02]\n",
      " [ 7.44298425e-04 -1.47058558e-03  3.14019318e-01 -8.59406271e-02\n",
      "  -1.90659592e-01  5.06461837e-01  5.13038798e-02 -5.08298088e-01\n",
      "   3.07571526e-01 -1.02299816e-01  1.64232125e-01  3.99280475e-01\n",
      "   2.20651463e-01]\n",
      " [ 7.76565538e-04 -1.21075344e-03  2.99050252e-01 -6.86411751e-02\n",
      "   2.40431562e-01  4.23511254e-01  3.70120091e-01  3.50350100e-01\n",
      "   3.46905768e-01  3.50252627e-01 -1.60922658e-01 -3.73625779e-01\n",
      "  -2.09579549e-02]]\n",
      "eigenvalues: [1.64177729e+02 4.70824109e+01 6.42236681e+00 6.78277316e-01\n",
      " 6.60361050e-01 6.53591908e-01 6.43416233e-01 6.30363769e-01\n",
      " 6.26100318e-01 6.07686640e-01 6.01509621e-01 5.94378082e-01\n",
      " 1.56142030e-01]\n",
      "\n",
      "eigenvectors: [[-1.21529558e-01  5.65590126e-01  1.99725902e-01 -1.80599791e-03\n",
      "   8.51238350e-03 -3.59757879e-03  1.03522356e-03  9.14684288e-03\n",
      "  -2.48898004e-03 -5.22733915e-03  6.88447614e-03  1.08150197e-03\n",
      "   7.90691124e-01]\n",
      " [-5.70708162e-01 -7.12162490e-01  1.03768476e-01 -1.22919917e-03\n",
      "   3.69023312e-03 -1.72046304e-03  9.55517342e-04  5.00626957e-03\n",
      "  -1.28576254e-03 -2.35984877e-03  2.43208058e-03  2.90563079e-04\n",
      "   3.95337323e-01]\n",
      " [-8.12105332e-01  4.15816263e-01 -1.06049801e-01  1.30183553e-03\n",
      "  -4.11882354e-03  1.46074643e-03 -6.97224067e-04 -5.21236929e-03\n",
      "   1.53185738e-03  2.12952081e-03 -2.63646627e-03 -4.57271663e-04\n",
      "  -3.95313438e-01]\n",
      " [-5.39943331e-04  1.72965974e-03  3.06343036e-01  2.82147386e-01\n",
      "  -3.30775578e-01 -5.55275572e-01 -1.28751608e-02 -4.15225641e-01\n",
      "   6.16514614e-02  2.02253228e-01 -2.41320227e-01 -3.58670410e-01\n",
      "  -6.80792317e-02]\n",
      " [-1.00955843e-03  1.19886016e-03  3.08404979e-01 -1.89317202e-01\n",
      "   3.28460768e-02  1.97686336e-01 -6.13641200e-01 -8.10950440e-02\n",
      "  -3.46180101e-01  5.21434306e-02  4.03532617e-01 -3.92209568e-01\n",
      "  -8.07818729e-02]\n",
      " [-1.00683876e-03  1.99142952e-03  3.10989490e-01  1.56200463e-01\n",
      "   1.66763948e-01  4.24467386e-01 -4.99274996e-02 -3.24411353e-01\n",
      "  -3.55003905e-01 -1.30287214e-01 -5.98825024e-01  2.37178281e-01\n",
      "  -7.29125368e-02]\n",
      " [-8.93881879e-04  1.24067131e-03  3.08050230e-01 -1.75163207e-01\n",
      "   6.64260911e-01 -1.86658105e-01 -2.16464748e-01 -8.13815136e-02\n",
      "   5.65992211e-01  5.72251693e-02 -7.05073530e-02  9.65032476e-02\n",
      "  -8.33712029e-02]\n",
      " [-6.65592933e-04  9.27956174e-04  3.05636000e-01  2.61129034e-01\n",
      "   3.02486061e-01 -3.81786186e-02  5.52153604e-01 -1.57414741e-01\n",
      "  -1.57734714e-01 -3.92482377e-01  4.60197801e-01 -1.32591969e-01\n",
      "  -8.66211840e-02]\n",
      " [-9.05651180e-04  2.36168113e-03  2.99086270e-01 -7.70773081e-01\n",
      "  -1.89255861e-01  1.12970205e-01  4.54531436e-01 -5.68082530e-02\n",
      "   5.09504800e-03  1.60206528e-01 -1.04298828e-01 -1.26265296e-01\n",
      "  -7.43676619e-02]\n",
      " [-1.19154685e-03  2.07869335e-03  3.03834153e-01  1.69850904e-01\n",
      "   1.93176592e-01 -2.02782032e-01  1.22114668e-01  5.71481137e-01\n",
      "  -3.73501785e-01  5.38785068e-01 -3.63189577e-02  1.43184745e-01\n",
      "  -8.52961669e-02]\n",
      " [-8.42609777e-04  2.17898290e-03  3.07069050e-01  2.10666167e-01\n",
      "  -2.02092778e-01  2.93425849e-01 -1.08528947e-02  5.41370795e-01\n",
      "   3.64305445e-01 -2.96824289e-01 -2.27458065e-01 -4.02809242e-01\n",
      "  -7.97934362e-02]\n",
      " [-7.48856019e-04  1.49641188e-03  3.14018983e-01 -1.89800967e-01\n",
      "  -3.07260297e-01 -3.99463754e-01 -2.17190495e-01  1.71626632e-01\n",
      "  -1.01004593e-01 -5.05594480e-01  5.18476371e-02  5.08775665e-01\n",
      "  -8.59576521e-02]\n",
      " [-7.82516594e-04  1.24585173e-03  2.99074465e-01  2.40688936e-01\n",
      "  -3.47087398e-01  3.69522475e-01  1.58926797e-02 -1.78533977e-01\n",
      "   3.50204393e-01  3.49799162e-01  3.69997756e-01  4.20506749e-01\n",
      "  -6.89261891e-02]]\n"
     ]
    }
   ],
   "source": [
    "eps = np.random.normal(0, 1/50, (N, 10))\n",
    "\n",
    "Y = X + np.sum(eps, axis=1)\n",
    "\n",
    "\n",
    "l, V = np.linalg.eig(np.cov(Y))\n",
    "print(\"covariance matrix:\", np.cov(Y))\n",
    "print(\"\\neigenvalues:\", l)\n",
    "print(\"\\neigenvectors:\", V)\n",
    "\n",
    "# Svd\n",
    "U, spectrum, Vt = la.svd(Y)\n",
    "l_svd = spectrum ** 2 / 9999\n",
    "V_svd = U\n",
    "print(\"eigenvalues:\", spectrum)\n",
    "print(\"\\vectors:\", V_svd)"
   ]
  },
  {
   "cell_type": "markdown",
   "metadata": {},
   "source": [
    "3 \\. **Looking at an oscillating spring** (optional)\n",
    "\n",
    "Imagine you have $n$ cameras looking at a spring oscillating along the $x$ axis. Each  camera record the motion of the spring looking at it along a given direction defined by the pair $(\\theta_i, \\phi_i)$, the angles in spherical coordinates. \n",
    "\n",
    "Start from the simulation of the records (say ${\\cal O}(1000)$) of the spring's motion along the x axis, assuming a little random noise affects the measurements along the $y$. Rotate such dataset to emulate the records of each camera.\n",
    "\n",
    "Perform a Principal Component Analysis on the thus obtained dataset, aiming at finding the only one coordinate that really matters.\n"
   ]
  },
  {
   "cell_type": "code",
   "execution_count": null,
   "metadata": {},
   "outputs": [],
   "source": []
  },
  {
   "cell_type": "markdown",
   "metadata": {},
   "source": [
    "4\\. **PCA on the MAGIC dataset** (optional)\n",
    "\n",
    "Perform a PCA on the magic04.data dataset"
   ]
  },
  {
   "cell_type": "code",
   "execution_count": null,
   "metadata": {},
   "outputs": [],
   "source": [
    "# get the dataset and its description on the proper data directory\n",
    "!wget https://archive.ics.uci.edu/ml/machine-learning-databases/magic/magic04.data -P ~/data/\n",
    "!wget https://archive.ics.uci.edu/ml/machine-learning-databases/magic/magic04.names -P ~/data/ "
   ]
  }
 ],
 "metadata": {
  "kernelspec": {
   "display_name": "Python 3 (ipykernel)",
   "language": "python",
   "name": "python3"
  },
  "language_info": {
   "codemirror_mode": {
    "name": "ipython",
    "version": 3
   },
   "file_extension": ".py",
   "mimetype": "text/x-python",
   "name": "python",
   "nbconvert_exporter": "python",
   "pygments_lexer": "ipython3",
   "version": "3.9.7"
  }
 },
 "nbformat": 4,
 "nbformat_minor": 2
}
